1993
111805
1654
714
507
28264
28197
1392
1396
816
773
517
139
138
29521
235
36855
29459
29461
292
13373
28450
194
2718
83558
83554
813
1485
1716
777
636
943
539
238
547
1350
1648
562
447
263
859
848
2702
724
210
570
445
173
1638
1639
480
582
33894
1764
1767
1765
1768
1769
1780
1781
1806
1770
1783
1784
1787
1773
1809
1789
1774
1766
55603
2098
2104
485
487
951
1824
37326
37329
37330
1823
784
745
1257
703
836
838
584
102862
585
586
287
43767
780
590
621
622
622
623
624
1280
34105
1301
157
1661
134821
2130
662
629
